26
-0.396667 0.443333
-0.686667 0.126667
-0.616667 -0.546667
-0.276667 -0.596667
0.283333 -0.516667
0.453333 -0.090000
0.333333 0.313333
-0.033333 0.526667
-0.386667 0.573333
-0.650000 0.106667
-0.503333 -0.256667
-0.046667 -0.493333
0.180000 -0.336667
0.040000 0.063333
-0.283333 0.200000
-0.386667 0.050000
-0.283333 -0.066667
-0.120000 -0.106667
-0.066667 0.226667
0.366667 0.673333
0.640000 0.593333
0.780000 0.170000
0.773333 -0.300000
0.586667 -0.593333
0.396667 -0.800000
-0.186667 -0.786667
